第 0 组
R= [[ 0.99999229  0.00337934  0.00200246]
 [-0.00336713  0.9999759  -0.00607131]
 [-0.00202293  0.00606453  0.99997956]]
t= [[-3.29689168]
 [ 0.02438574]
 [ 0.02391135]]
第 1 组
R= [[ 0.99998966  0.00412402  0.00191682]
 [-0.00411249  0.99997366 -0.00598032]
 [-0.00194144  0.00597238  0.99998028]]
t= [[-3.30780959]
 [ 0.02873236]
 [ 0.02318839]]
第 2 组
R= [[ 0.99997412  0.0042923   0.00577433]
 [-0.00424671  0.9999599  -0.00788457]
 [-0.00580794  0.00785984  0.99995224]]
t= [[-3.35294887]
 [ 0.0481181 ]
 [ 0.01058802]]
第 3 组
R= [[ 0.99998607  0.00321972  0.00418219]
 [-0.00320201  0.9999859  -0.00423639]
 [-0.00419577  0.00422294  0.99998228]]
t= [[-3.33252414]
 [ 0.00715561]
 [ 0.01195366]]
第 4 组
R= [[ 0.99997282  0.00461704  0.00574887]
 [-0.004588    0.9999767  -0.00505419]
 [-0.00577207  0.00502768  0.9999707 ]]
t= [[-3.3464581 ]
 [ 0.02024596]
 [ 0.0062717 ]]
第 5 组
R= [[ 0.99997663  0.00185892  0.00657956]
 [-0.00184715  0.99999668 -0.00179447]
 [-0.00658288  0.00178227  0.99997674]]
t= [[-3.36850692]
 [-0.04670208]
 [ 0.04055603]]
第 6 组
R= [[ 0.9999837   0.00314952  0.00476193]
 [-0.00312527  0.99998216 -0.00509078]
 [-0.00477788  0.00507582  0.9999757 ]]
t= [[-3.34157582]
 [ 0.01228464]
 [ 0.01757354]]
第 7 组
R= [[ 0.99997748  0.00584692  0.00329303]
 [-0.0058176   0.99994395 -0.00884563]
 [-0.00334457  0.00882627  0.99995545]]
t= [[-3.32733798]
 [ 0.06319631]
 [ 0.01414391]]
第 8 组
R= [[ 0.99999014  0.00310252  0.00317663]
 [-0.00307299  0.99995241 -0.00925925]
 [-0.0032052   0.0092494   0.99995209]]
t= [[-3.31920246]
 [ 0.0702634 ]
 [ 0.01100366]]
第 9 组
R= [[ 0.99998445  0.00241258  0.0050285 ]
 [-0.00237144  0.99996381 -0.00817004]
 [-0.00504803  0.00815799  0.99995398]]
t= [[-3.34440069]
 [ 0.0555912 ]
 [ 0.01794963]]
第 10 组
R= [[ 0.99998356  0.00393673  0.0041691 ]
 [-0.00391803  0.99998227 -0.00448526]
 [-0.00418669  0.00446885  0.99998125]]
t= [[-3.32960776]
 [ 0.01164308]
 [ 0.0044041 ]]
第 11 组
R= [[ 0.99998852  0.00436925  0.00196529]
 [-0.00435791  0.99997404 -0.00573851]
 [-0.00199031  0.00572988  0.9999816 ]]
t= [[-3.30259843]
 [ 0.02209929]
 [ 0.01941714]]
第 12 组
R= [[ 0.99999325  0.00281041  0.00236635]
 [-0.00279155  0.99996463 -0.00793437]
 [-0.00238857  0.00792771  0.99996572]]
t= [[-3.31006862]
 [ 0.05184397]
 [ 0.01360647]]
